40.000000,50.000000,70.000000,3390.000000,0.000000,100.000000
52.000000,75.000000,1.000000,3177.000000,2822.000000,90.000000
45.000000,70.000000,3.000000,3368.000000,2827.000000,90.000000
62.000000,69.000000,1.000000,2360.000000,1927.000000,90.000000
60.000000,66.000000,1.000000,2236.000000,1863.000000,90.000000
42.000000,65.000000,1.000000,3375.000000,2988.000000,90.000000
16.000000,42.000000,2.000000,3059.000000,2568.000000,90.000000
58.000000,70.000000,2.000000,2425.000000,2050.000000,90.000000
34.000000,60.000000,2.000000,737.000000,110.000000,90.000000
28.000000,70.000000,1.000000,1005.000000,414.000000,90.000000
35.000000,66.000000,1.000000,762.000000,277.000000,90.000000
35.000000,69.000000,1.000000,787.000000,438.000000,90.000000
25.000000,85.000000,2.000000,1405.000000,978.000000,90.000000
22.000000,75.000000,3.000000,1080.000000,731.000000,90.000000
22.000000,85.000000,1.000000,1544.000000,1025.000000,90.000000
20.000000,80.000000,4.000000,1313.000000,876.000000,90.000000
20.000000,85.000000,4.000000,1627.000000,1126.000000,90.000000
18.000000,75.000000,2.000000,1247.000000,752.000000,90.000000
15.000000,75.000000,2.000000,1830.000000,1307.000000,90.000000
15.000000,80.000000,1.000000,1701.000000,1246.000000,90.000000
30.000000,50.000000,1.000000,3380.000000,2745.000000,90.000000
30.000000,56.000000,2.000000,715.000000,102.000000,90.000000
28.000000,52.000000,2.000000,3378.000000,2885.000000,90.000000
14.000000,66.000000,1.000000,1871.000000,1464.000000,90.000000
25.000000,50.000000,1.000000,3367.000000,3022.000000,90.000000
22.000000,66.000000,4.000000,1010.000000,603.000000,90.000000
8.000000,62.000000,1.000000,2060.000000,1471.000000,90.000000
23.000000,52.000000,1.000000,3297.000000,2906.000000,90.000000
4.000000,55.000000,2.000000,2122.000000,1605.000000,90.000000
20.000000,50.000000,1.000000,3222.000000,2603.000000,90.000000
20.000000,55.000000,1.000000,3220.000000,2795.000000,90.000000
10.000000,35.000000,2.000000,2805.000000,2254.000000,90.000000
10.000000,40.000000,3.000000,2942.000000,2493.000000,90.000000
8.000000,40.000000,4.000000,2891.000000,2360.000000,90.000000
8.000000,45.000000,2.000000,2200.000000,1729.000000,90.000000
5.000000,35.000000,1.000000,2724.000000,2145.000000,90.000000
5.000000,45.000000,1.000000,2314.000000,1801.000000,90.000000
2.000000,40.000000,2.000000,2618.000000,2061.000000,90.000000
0.000000,40.000000,3.000000,2500.000000,1995.000000,90.000000
0.000000,45.000000,2.000000,2354.000000,1951.000000,90.000000
36.000000,18.000000,1.000000,1778.000000,1205.000000,90.000000
35.000000,32.000000,1.000000,791.000000,314.000000,90.000000
33.000000,32.000000,2.000000,861.000000,428.000000,90.000000
33.000000,35.000000,1.000000,927.000000,548.000000,90.000000
32.000000,20.000000,1.000000,1645.000000,1150.000000,90.000000
30.000000,30.000000,1.000000,1458.000000,953.000000,90.000000
34.000000,25.000000,3.000000,1506.000000,1097.000000,90.000000
30.000000,35.000000,1.000000,1042.000000,619.000000,90.000000
36.000000,40.000000,1.000000,675.000000,234.000000,90.000000
48.000000,20.000000,1.000000,2578.000000,2109.000000,90.000000
26.000000,32.000000,1.000000,1372.000000,665.000000,90.000000
25.000000,30.000000,1.000000,1375.000000,846.000000,90.000000
25.000000,35.000000,1.000000,1189.000000,662.000000,90.000000
44.000000,5.000000,2.000000,2312.000000,1797.000000,90.000000
42.000000,10.000000,4.000000,2392.000000,1909.000000,90.000000
42.000000,15.000000,1.000000,2493.000000,1998.000000,90.000000
40.000000,5.000000,3.000000,2191.000000,1730.000000,90.000000
38.000000,15.000000,4.000000,1838.000000,1333.000000,90.000000
38.000000,5.000000,3.000000,2127.000000,1610.000000,90.000000
38.000000,10.000000,1.000000,1892.000000,1469.000000,90.000000
35.000000,5.000000,2.000000,2065.000000,1486.000000,90.000000
50.000000,30.000000,1.000000,3167.000000,2652.000000,90.000000
50.000000,35.000000,2.000000,3372.000000,2916.000000,90.000000
50.000000,40.000000,5.000000,3376.000000,3030.000000,90.000000
48.000000,30.000000,1.000000,3144.000000,2491.000000,90.000000
44.000000,25.000000,1.000000,2686.000000,2193.000000,90.000000
47.000000,35.000000,1.000000,2997.000000,2448.000000,90.000000
47.000000,40.000000,1.000000,3378.000000,2966.000000,90.000000
42.000000,30.000000,1.000000,2749.000000,2320.000000,90.000000
45.000000,35.000000,1.000000,2856.000000,2405.000000,90.000000
95.000000,30.000000,3.000000,1271.000000,708.000000,90.000000
95.000000,35.000000,2.000000,1311.000000,858.000000,90.000000
53.000000,30.000000,1.000000,3259.000000,2746.000000,90.000000
92.000000,30.000000,1.000000,1221.000000,572.000000,90.000000
53.000000,35.000000,5.000000,3303.000000,2892.000000,90.000000
45.000000,65.000000,2.000000,3375.000000,2783.000000,90.000000
90.000000,35.000000,1.000000,1388.000000,971.000000,90.000000
72.000000,45.000000,1.000000,689.000000,132.000000,90.000000
78.000000,40.000000,2.000000,791.000000,226.000000,90.000000
87.000000,30.000000,1.000000,885.000000,520.000000,90.000000
85.000000,25.000000,1.000000,1021.000000,574.000000,90.000000
85.000000,35.000000,3.000000,827.000000,388.000000,90.000000
75.000000,55.000000,2.000000,1607.000000,1164.000000,90.000000
72.000000,55.000000,1.000000,1799.000000,1158.000000,90.000000
70.000000,58.000000,2.000000,1877.000000,1462.000000,90.000000
86.000000,46.000000,3.000000,1561.000000,1002.000000,90.000000
66.000000,55.000000,1.000000,1786.000000,1363.000000,90.000000
64.000000,46.000000,2.000000,414.000000,115.000000,90.000000
65.000000,60.000000,3.000000,2052.000000,1477.000000,90.000000
56.000000,64.000000,1.000000,2274.000000,1637.000000,90.000000
60.000000,55.000000,1.000000,601.000000,111.000000,90.000000
60.000000,60.000000,1.000000,2041.000000,1678.000000,90.000000
67.000000,85.000000,2.000000,2872.000000,2361.000000,90.000000
42.000000,58.000000,4.000000,3382.000000,2881.000000,90.000000
65.000000,82.000000,1.000000,2841.000000,2204.000000,90.000000
62.000000,80.000000,3.000000,2646.000000,2213.000000,90.000000
62.000000,40.000000,1.000000,677.000000,115.000000,90.000000
60.000000,85.000000,3.000000,2993.000000,2434.000000,90.000000
58.000000,75.000000,2.000000,2551.000000,2114.000000,90.000000
55.000000,80.000000,1.000000,3118.000000,2689.000000,90.000000
55.000000,85.000000,2.000000,3017.000000,2600.000000,90.000000
